# region irank jrank data_tot data_tx data_rx nmsg_tx nmsg_rx
ipm_global 0 0 9370208 4685104 4685104 498 498
ipm_global 1 0 3854430540 3249709420 604721120 42979 39372
ipm_global 1 1 9628128 4814064 4814064 498 498
ipm_global 2 0 24114520 13671512 10443008 5959 9422
ipm_global 2 1 3840854324 3242041276 598813048 46272 35126
ipm_global 2 2 10600192 5300096 5300096 498 498
ipm_global 3 0 612502072 314850424 297651648 3165 13348
ipm_global 3 1 29029120 13984128 15044992 5262 5326
ipm_global 3 2 3842169032 3240828720 601340312 42496 39350
ipm_global 3 3 9370208 4685104 4685104 498 498
ipm_global 4 0 267411520 138791040 128620480 24669 1700
ipm_global 4 1 23243232 17904880 5338352 15538 2546
ipm_global 4 2 10150336 5075168 5075168 498 498
ipm_global 4 3 3257948748 2959417596 298531152 46158 33156
ipm_global 4 4 9628128 4814064 4814064 498 498
ipm_global 5 0 14793248 9977104 4816144 1067 498
ipm_global 5 1 268434568 135126568 133308000 24612 13668
ipm_global 5 2 10283456 5141728 5141728 498 498
ipm_global 5 3 10156576 4816144 5340432 498 2546
ipm_global 5 4 3847439464 3244994024 602445440 42368 34934
ipm_global 5 5 9894368 4947184 4947184 498 498
ipm_global 6 0 14525648 9794152 4731496 683 498
ipm_global 6 1 11164816 4795976 6368840 498 4594
ipm_global 6 2 257494488 130646632 126847856 30372 1700
ipm_global 6 3 9987280 4731496 5255784 498 2546
ipm_global 6 4 15427728 7280200 8147528 3278 5326
ipm_global 6 5 3842528072 3242697128 599830944 44224 34817
ipm_global 6 6 9555776 4777888 4777888 498 498
ipm_global 7 0 3013179884 60799248 2952380636 1433 35470
ipm_global 7 1 11200992 4814064 6386928 498 4594
ipm_global 7 2 10183104 5107936 5075168 626 498
ipm_global 7 3 256409104 128325200 128083904 20388 13668
ipm_global 7 4 607085696 309434432 297651264 2276 9252
ipm_global 7 5 28226240 13590880 14635360 5262 5326
ipm_global 7 6 3843958104 3243256760 600701344 42390 34956
ipm_global 7 7 9628128 4814064 4814064 498 498
ipm_global 8 0 674883468 639272988 35610480 36085 2975
ipm_global 8 1 98369984 50671840 47698144 1510 1444
ipm_global 8 2 10600192 5300096 5300096 498 498
ipm_global 8 3 10021376 5010688 5010688 498 498
ipm_global 8 4 243019856 121509928 121509928 1060 1060
ipm_global 8 5 10283456 5141728 5141728 498 498
ipm_global 8 6 10077984 5038992 5038992 498 498
ipm_global 8 7 252453376 5075168 247378208 498 30486
ipm_global 8 8 10600192 5300096 5300096 498 498
ipm_global 9 0 9462992 4731496 4731496 498 498
ipm_global 9 1 679950876 643473764 36477112 36228 3008
ipm_global 9 2 10077984 5038992 5038992 498 498
ipm_global 9 3 9462992 4731496 4731496 498 498
ipm_global 9 4 9591952 4795976 4795976 498 498
ipm_global 9 5 247611552 123805776 123805776 1060 1060
ipm_global 9 6 9555776 4777888 4777888 498 498
ipm_global 9 7 9591952 4795976 4795976 498 498
ipm_global 9 8 3817423736 3235471848 581951888 36096 31734
ipm_global 9 9 9555776 4777888 4777888 498 498
ipm_global 10 0 7300880 3650440 3650440 498 498
ipm_global 10 1 12411632 8728952 3682680 619 498
ipm_global 10 2 674095372 638383324 35712048 36096 3019
ipm_global 10 3 7300880 3650440 3650440 498 498
ipm_global 10 4 7365360 3682680 3682680 498 498
ipm_global 10 5 7431920 3715960 3715960 498 498
ipm_global 10 6 236183168 118091584 118091584 1060 1060
ipm_global 10 7 7365360 3682680 3682680 498 498
ipm_global 10 8 8108928 4054464 4054464 1102 1102
ipm_global 10 9 3809353440 3231928400 577425040 35968 31606
ipm_global 10 10 5231552 2615776 2615776 498 498
ipm_global 11 0 9334032 4667016 4667016 498 498
ipm_global 11 1 14509264 9777768 4731496 619 498
ipm_global 11 2 9949024 4974512 4974512 498 498
ipm_global 11 3 676719260 639109540 37609720 36096 3063
ipm_global 11 4 9462992 4731496 4731496 498 498
ipm_global 11 5 9596112 4798056 4798056 498 498
ipm_global 11 6 9426816 4713408 4713408 498 498
ipm_global 11 7 242332512 121166256 121166256 1060 1060
ipm_global 11 8 577032928 288516464 288516464 996 996
ipm_global 11 9 21809280 10904640 10904640 1102 1102
ipm_global 11 10 3809653568 3232147104 577506464 36096 31734
ipm_global 11 11 9297856 4648928 4648928 498 498
ipm_global 12 0 243253184 121626592 121626592 996 996
ipm_global 12 1 14545440 9795856 4749584 619 498
ipm_global 12 2 10021376 5010688 5010688 498 498
ipm_global 12 3 9370208 4685104 4685104 498 498
ipm_global 12 4 683228492 641778428 41450064 36160 3171
ipm_global 12 5 9632288 4816144 4816144 498 498
ipm_global 12 6 9462992 4731496 4731496 498 498
ipm_global 12 7 9499168 4749584 4749584 498 498
ipm_global 12 8 242069648 121034824 121034824 1124 1124
ipm_global 12 9 9462992 4731496 4731496 498 498
ipm_global 12 10 7300880 3650440 3650440 498 498
ipm_global 12 11 3250150652 2952226356 297924296 35470 31108
ipm_global 12 12 9370208 4685104 4685104 498 498
ipm_global 13 0 9499168 4749584 4749584 498 498
ipm_global 13 1 253574336 129310304 124264032 1117 996
ipm_global 13 2 10150336 5075168 5075168 498 498
ipm_global 13 3 9499168 4749584 4749584 498 498
ipm_global 13 4 9628128 4814064 4814064 498 498
ipm_global 13 5 684662028 641909468 42752560 36160 3215
ipm_global 13 6 9591952 4795976 4795976 498 498
ipm_global 13 7 9628128 4814064 4814064 498 498
ipm_global 13 8 10150336 5075168 5075168 498 498
ipm_global 13 9 246657184 123328592 123328592 1124 1124
ipm_global 13 10 7365360 3682680 3682680 498 498
ipm_global 13 11 9462992 4731496 4731496 498 498
ipm_global 13 12 3822062604 3238338092 583724512 36096 31734
ipm_global 13 13 9628128 4814064 4814064 498 498
ipm_global 14 0 10021376 5010688 5010688 498 498
ipm_global 14 1 15196608 10121440 5075168 619 498
ipm_global 14 2 240359104 120179552 120179552 996 996
ipm_global 14 3 10021376 5010688 5010688 498 498
ipm_global 14 4 10150336 5075168 5075168 498 498
ipm_global 14 5 10283456 5141728 5141728 498 498
ipm_global 14 6 685933164 641959308 43973856 36160 3259
ipm_global 14 7 10150336 5075168 5075168 498 498
ipm_global 14 8 10600192 5300096 5300096 498 498
ipm_global 14 9 10077984 5038992 5038992 498 498
ipm_global 14 10 235914336 117957168 117957168 1124 1124
ipm_global 14 11 9949024 4974512 4974512 498 498
ipm_global 14 12 10248704 5124352 5124352 1102 1102
ipm_global 14 13 3816909748 3235165244 581744504 35968 31617
ipm_global 14 14 10600192 5300096 5300096 498 498
ipm_global 15 0 9370208 4685104 4685104 498 498
ipm_global 15 1 14545440 9795856 4749584 619 498
ipm_global 15 2 10021376 5010688 5010688 498 498
ipm_global 15 3 243253184 121626592 121626592 996 996
ipm_global 15 4 9499168 4749584 4749584 498 498
ipm_global 15 5 9632288 4816144 4816144 498 498
ipm_global 15 6 9462992 4731496 4731496 498 498
ipm_global 15 7 686472524 641778428 44694096 36160 3270
ipm_global 15 8 3008258344 55964928 2952293416 1120 35470
ipm_global 15 9 9462992 4731496 4731496 498 498
ipm_global 15 10 7300880 3650440 3650440 498 498
ipm_global 15 11 241382304 120691152 120691152 1124 1124
ipm_global 15 12 580578176 290289088 290289088 996 996
ipm_global 15 13 22098688 11049344 11049344 1102 1102
ipm_global 15 14 3818676728 3235981920 582694808 36118 31756
ipm_global 15 15 9370208 4685104 4685104 498 498
ipm_global 16 0 99354656 49677328 49677328 690 690
ipm_global 16 2 89300992 45596672 43704320 1012 979
ipm_global 16 8 663869076 633382948 30486128 34972 1873
ipm_global 16 15 242303040 0 242303040 0 29988
ipm_global 16 16 9370208 4685104 4685104 498 498
ipm_global 17 1 101675936 50837968 50837968 690 690
ipm_global 17 2 4055040 4055040 0 99 0
ipm_global 17 9 665040532 633382948 31657584 34972 1917
ipm_global 17 10 86327296 42622976 43704320 946 979
ipm_global 17 16 3825929112 3239696120 586232992 36096 31734
ipm_global 17 17 9628128 4814064 4814064 498 498
ipm_global 18 2 102035008 53045024 48989984 789 690
ipm_global 18 10 666121876 633382948 32738928 34972 1950
ipm_global 18 16 9561360 4780680 4780680 1102 1102
ipm_global 18 17 3819661012 3236652820 583008192 35968 31606
ipm_global 18 18 9297856 4648928 4648928 498 498
ipm_global 19 2 5046272 5046272 0 121 0
ipm_global 19 3 99354656 49677328 49677328 690 690
ipm_global 19 11 666211988 633382948 32829040 34972 1961
ipm_global 19 16 585595136 292797568 292797568 996 996
ipm_global 19 17 22098688 11049344 11049344 1102 1102
ipm_global 19 18 3820742780 3237685404 583057376 36096 31734
ipm_global 19 19 9370208 4685104 4685104 498 498
ipm_global 20 0 1048576 524288 524288 64 64
ipm_global 20 2 5046272 5046272 0 121 0
ipm_global 20 4 100627360 50313680 50313680 626 626
ipm_global 20 12 667383444 633382948 34000496 34972 2005
ipm_global 20 16 246618096 123309048 123309048 1124 1124
ipm_global 20 17 10315472 5157736 5157736 498 498
ipm_global 20 18 10114160 5057080 5057080 498 498
ipm_global 20 19 3250987880 2952637344 298350536 35470 31108
ipm_global 20 20 11002816 5501408 5501408 498 498
ipm_global 21 1 1048576 524288 524288 64 64
ipm_global 21 2 5046272 5046272 0 121 0
ipm_global 21 5 103023520 51511760 51511760 626 626
ipm_global 21 13 668554900 633382948 35171952 34972 2049
ipm_global 21 16 9632288 4816144 4816144 498 498
ipm_global 21 17 251284672 125642336 125642336 1124 1124
ipm_global 21 18 9596112 4798056 4798056 498 498
ipm_global 21 19 9632288 4816144 4816144 498 498
ipm_global 21 20 3832772276 3243518652 589253624 36096 31734
ipm_global 21 21 9894368 4947184 4947184 498 498
ipm_global 22 2 6094848 5570560 524288 185 64
ipm_global 22 6 99252672 49626336 49626336 626 626
ipm_global 22 14 669726356 633382948 36343408 34972 2093
ipm_global 22 16 9462992 4731496 4731496 498 498
ipm_global 22 17 9591952 4795976 4795976 498 498
ipm_global 22 18 241734336 120867168 120867168 1124 1124
ipm_global 22 19 9462992 4731496 4731496 498 498
ipm_global 22 20 10470448 5235224 5235224 1102 1102
ipm_global 22 21 3826536452 3239950180 586586272 35968 31617
ipm_global 22 22 9555776 4777888 4777888 498 498
ipm_global 23 2 5046272 5046272 0 121 0
ipm_global 23 3 1048576 524288 524288 64 64
ipm_global 23 7 100627360 50313680 50313680 626 626
ipm_global 23 15 670627476 633382948 37244528 34972 2104
ipm_global 23 16 3008157216 55703824 2952453392 1120 35470
ipm_global 23 17 9628128 4814064 4814064 498 498
ipm_global 23 18 9462992 4731496 4731496 498 498
ipm_global 23 19 245930752 122965376 122965376 1124 1124
ipm_global 23 20 591632240 295816120 295816120 996 996
ipm_global 23 21 22360768 11180384 11180384 1102 1102
ipm_global 23 22 3828886012 3241351516 587534496 36118 31756
ipm_global 23 23 9628128 4814064 4814064 498 498
ipm_global 24 3 90382336 45596672 44785664 1012 1012
ipm_global 24 4 1048576 524288 524288 64 64
ipm_global 24 8 96931392 48465696 48465696 626 626
ipm_global 24 16 673430436 638163628 35266808 36074 2975
ipm_global 24 17 9462992 4731496 4731496 498 498
ipm_global 24 18 9297856 4648928 4648928 498 498
ipm_global 24 19 9334032 4667016 4667016 498 498
ipm_global 24 20 244256384 122128192 122128192 996 996
ipm_global 24 21 9596112 4798056 4798056 498 498
ipm_global 24 22 9426816 4713408 4713408 498 498
ipm_global 24 23 251766032 4731496 247034536 498 30486
ipm_global 24 24 9297856 4648928 4648928 498 498
ipm_global 25 3 4055040 4055040 0 99 0
ipm_global 25 5 1048576 524288 524288 64 64
ipm_global 25 9 99252672 49626336 49626336 626 626
ipm_global 25 11 87408640 42622976 44785664 946 1012
ipm_global 25 16 9462992 4731496 4731496 498 498
ipm_global 25 17 674859812 638292588 36567224 36074 3019
ipm_global 25 18 9426816 4713408 4713408 498 498
ipm_global 25 19 9462992 4731496 4731496 498 498
ipm_global 25 20 10243120 5121560 5121560 498 498
ipm_global 25 21 248959136 124479568 124479568 996 996
ipm_global 25 22 9555776 4777888 4777888 498 498
ipm_global 25 23 9591952 4795976 4795976 498 498
ipm_global 25 24 3824161196 3240026412 584134784 36096 31734
ipm_global 25 25 9555776 4777888 4777888 498 498
ipm_global 26 3 4055040 4055040 0 99 0
ipm_global 26 6 1048576 524288 524288 64 64
ipm_global 26 10 95629056 47814528 47814528 626 626
ipm_global 26 16 9987104 4993552 4993552 498 498
ipm_global 26 17 10116064 5058032 5058032 498 498
ipm_global 26 18 676354068 638453988 37900080 36074 3063
ipm_global 26 19 98477088 48697872 49779216 1477 1510
ipm_global 26 20 10732960 5366480 5366480 498 498
ipm_global 26 21 10249184 5124592 5124592 498 498
ipm_global 26 22 240170400 120085200 120085200 996 996
ipm_global 26 23 10116064 5058032 5058032 498 498
ipm_global 26 24 10142080 5071040 5071040 1102 1102
ipm_global 26 25 3818103596 3236812812 581290784 35968 31606
ipm_global 26 26 10463104 5231552 5231552 498 498
ipm_global 27 3 4055040 4055040 0 99 0
ipm_global 27 7 1048576 524288 524288 64 64
ipm_global 27 11 96931392 48465696 48465696 626 626
ipm_global 27 16 9334032 4667016 4667016 498 498
ipm_global 27 17 9462992 4731496 4731496 498 498
ipm_global 27 18 9297856 4648928 4648928 498 498
ipm_global 27 19 676854692 638163628 38691064 36074 3096
ipm_global 27 20 10114160 5057080 5057080 498 498
ipm_global 27 21 9596112 4798056 4798056 498 498
ipm_global 27 22 9426816 4713408 4713408 498 498
ipm_global 27 23 243605216 121802608 121802608 996 996
ipm_global 27 24 581398720 290699360 290699360 996 996
ipm_global 27 25 21809280 10904640 10904640 1102 1102
ipm_global 27 26 3817693764 3236353796 581339968 36096 31734
ipm_global 27 27 9297856 4648928 4648928 498 498
ipm_global 28 3 5046272 5046272 0 121 0
ipm_global 28 4 1048576 524288 524288 64 64
ipm_global 28 12 98306080 49153040 49153040 626 626
ipm_global 28 16 245574464 122787232 122787232 996 996
ipm_global 28 17 9499168 4749584 4749584 498 498
ipm_global 28 18 9334032 4667016 4667016 498 498
ipm_global 28 19 9370208 4685104 4685104 498 498
ipm_global 28 20 681921348 640651900 41269448 36074 3107
ipm_global 28 21 9632288 4816144 4816144 498 498
ipm_global 28 22 9462992 4731496 4731496 498 498
ipm_global 28 23 9499168 4749584 4749584 498 498
ipm_global 28 24 243703584 121851792 121851792 1124 1124
ipm_global 28 25 9462992 4731496 4731496 498 498
ipm_global 28 26 9987104 4993552 4993552 498 498
ipm_global 28 27 3251710160 2953785864 297924296 35470 31108
ipm_global 28 28 9370208 4685104 4685104 498 498
ipm_global 29 3 5046272 5046272 0 121 0
ipm_global 29 5 1048576 524288 524288 64 64
ipm_global 29 13 100627360 50313680 50313680 626 626
ipm_global 29 16 9499168 4749584 4749584 498 498
ipm_global 29 17 250924224 125462112 125462112 996 996
ipm_global 29 18 9462992 4731496 4731496 498 498
ipm_global 29 19 9499168 4749584 4749584 498 498
ipm_global 29 20 10315472 5157736 5157736 498 498
ipm_global 29 21 682667540 640439268 42228272 36074 3151
ipm_global 29 22 9591952 4795976 4795976 498 498
ipm_global 29 23 9628128 4814064 4814064 498 498
ipm_global 29 24 9462992 4731496 4731496 498 498
ipm_global 29 25 249053344 124526672 124526672 1124 1124
ipm_global 29 26 10116064 5058032 5058032 498 498
ipm_global 29 27 9462992 4731496 4731496 498 498
ipm_global 29 28 3827952372 3241719380 586232992 36096 31734
ipm_global 29 29 9628128 4814064 4814064 498 498
ipm_global 30 3 5046272 5046272 0 121 0
ipm_global 30 6 1048576 524288 524288 64 64
ipm_global 30 14 96931392 48465696 48465696 626 626
ipm_global 30 16 9334032 4667016 4667016 498 498
ipm_global 30 17 9462992 4731496 4731496 498 498
ipm_global 30 18 241378048 120689024 120689024 996 996
ipm_global 30 19 9334032 4667016 4667016 498 498
ipm_global 30 20 10114160 5057080 5057080 498 498
ipm_global 30 21 9596112 4798056 4798056 498 498
ipm_global 30 22 683287508 640163524 43123984 36074 3195
ipm_global 30 23 9462992 4731496 4731496 498 498
ipm_global 30 24 9297856 4648928 4648928 498 498
ipm_global 30 25 9426816 4713408 4713408 498 498
ipm_global 30 26 240268768 120134384 120134384 1124 1124
ipm_global 30 27 9297856 4648928 4648928 498 498
ipm_global 30 28 9561360 4780680 4780680 1102 1102
ipm_global 30 29 3822294332 3238385020 583909312 35968 31617
ipm_global 30 30 9297856 4648928 4648928 498 498
ipm_global 31 3 5046272 5046272 0 121 0
ipm_global 31 7 1048576 524288 524288 64 64
ipm_global 31 15 98306080 49153040 49153040 626 626
ipm_global 31 16 10057552 5028776 5028776 498 498
ipm_global 31 17 10186512 5093256 5093256 498 498
ipm_global 31 18 9985200 4992600 4992600 498 498
ipm_global 31 19 246261808 123130904 123130904 996 996
ipm_global 31 20 10873856 5436928 5436928 498 498
ipm_global 31 21 10319632 5159816 5159816 498 498
ipm_global 31 22 10114160 5057080 5057080 498 498
ipm_global 31 23 685165380 640651900 44513480 36074 3206
ipm_global 31 24 3009392048 55946840 2953445208 1120 35470
ipm_global 31 25 10114160 5057080 5057080 498 498
ipm_global 31 26 10604000 5302000 5302000 498 498
ipm_global 31 27 244354752 122177376 122177376 1124 1124
ipm_global 31 28 586282480 293141240 293141240 996 996
ipm_global 31 29 22786032 11393016 11393016 1102 1102
ipm_global 31 30 3825693900 3240508700 585185200 36118 31756
ipm_global 31 31 10744896 5372448 5372448 498 498
ipm_global 32 0 1275904 637952 637952 668 668
ipm_global 32 4 91463680 45596672 45867008 1012 1045
ipm_global 32 16 97391408 48695704 48695704 498 498
ipm_global 32 24 663869076 633382948 30486128 34972 1873
ipm_global 32 31 242303040 0 242303040 0 29988
ipm_global 32 32 5372448 2686224 2686224 498 498
ipm_global 33 1 1275904 637952 637952 668 668
ipm_global 33 4 4055040 4055040 0 99 0
ipm_global 33 12 88489984 42622976 45867008 946 1045
ipm_global 33 17 99712688 49856344 49856344 498 498
ipm_global 33 25 665040532 633382948 31657584 34972 1917
ipm_global 33 32 3816822208 3236191408 580630800 36096 31734
ipm_global 33 33 9628128 4814064 4814064 498 498
ipm_global 34 2 1275904 637952 637952 668 668
ipm_global 34 4 4055040 4055040 0 99 0
ipm_global 34 18 96052896 48026448 48026448 498 498
ipm_global 34 20 89571328 43704320 45867008 979 1045
ipm_global 34 26 666211988 633382948 32829040 34972 1961
ipm_global 34 32 7562480 3781240 3781240 1102 1102
ipm_global 34 33 3812029696 3233537752 578491944 35968 31606
ipm_global 34 34 9297856 4648928 4648928 498 498
ipm_global 35 3 1275904 637952 637952 668 668
ipm_global 35 4 4055040 4055040 0 99 0
ipm_global 35 19 97391408 48695704 48695704 498 498
ipm_global 35 27 667383444 633382948 34000496 34972 2005
ipm_global 35 28 90652672 44785664 45867008 1012 1045
ipm_global 35 32 574455232 287227616 287227616 996 996
ipm_global 35 33 21881632 10940816 10940816 1102 1102
ipm_global 35 34 3811946564 3233405436 578541128 36096 31734
ipm_global 35 35 9370208 4685104 4685104 498 498
ipm_global 36 0 1048576 524288 524288 64 64
ipm_global 36 4 4282368 4168704 113664 703 604
ipm_global 36 20 99712688 49856344 49856344 498 498
ipm_global 36 28 668464788 633382948 35081840 34972 2038
ipm_global 36 32 240171424 120085712 120085712 1124 1124
ipm_global 36 33 9628128 4814064 4814064 498 498
ipm_global 36 34 9462992 4731496 4731496 498 498
ipm_global 36 35 3251241036 2953234172 298006864 35470 31108
ipm_global 36 36 9628128 4814064 4814064 498 498
ipm_global 37 1 1048576 524288 524288 64 64
ipm_global 37 4 5046272 5046272 0 121 0
ipm_global 37 5 227328 113664 113664 604 604
ipm_global 37 21 102108848 51054424 51054424 498 498
ipm_global 37 29 668554900 633382948 35171952 34972 2049
ipm_global 37 32 8189712 4094856 4094856 498 498
ipm_global 37 33 248201168 124100584 124100584 1124 1124
ipm_global 37 34 10247280 5123640 5123640 498 498
ipm_global 37 35 10319632 5159816 5159816 498 498
ipm_global 37 36 3824254652 3239608980 584645672 36096 31734
ipm_global 37 37 11269056 5634528 5634528 498 498
ipm_global 38 2 1048576 524288 524288 64 64
ipm_global 38 4 5046272 5046272 0 121 0
ipm_global 38 6 227328 113664 113664 604 604
ipm_global 38 22 98374176 49187088 49187088 498 498
ipm_global 38 30 669726356 633382948 36343408 34972 2093
ipm_global 38 32 7399632 3699816 3699816 498 498
ipm_global 38 33 9591952 4795976 4795976 498 498
ipm_global 38 34 238110720 119055360 119055360 1124 1124
ipm_global 38 35 9462992 4731496 4731496 498 498
ipm_global 38 36 9819280 4909640 4909640 1102 1102
ipm_global 38 37 3819280124 3236921956 582358168 35968 31617
ipm_global 38 38 9555776 4777888 4777888 498 498
ipm_global 39 3 1048576 524288 524288 64 64
ipm_global 39 4 5046272 5046272 0 121 0
ipm_global 39 7 227328 113664 113664 604 604
ipm_global 39 23 99712688 49856344 49856344 498 498
ipm_global 39 31 670627476 633382948 37244528 34972 2104
ipm_global 39 32 3006838336 54672144 2952166192 1120 35470
ipm_global 39 33 9628128 4814064 4814064 498 498
ipm_global 39 34 9462992 4731496 4731496 498 498
ipm_global 39 35 242234784 121117392 121117392 1124 1124
ipm_global 39 36 581728992 290864496 290864496 996 996
ipm_global 39 37 22831056 11415528 11415528 1102 1102
ipm_global 39 38 3820998316 3238017508 582980808 36118 31756
ipm_global 39 39 9628128 4814064 4814064 498 498
ipm_global 40 4 1048576 524288 524288 64 64
ipm_global 40 5 92545024 45596672 46948352 1012 1078
ipm_global 40 8 227328 113664 113664 604 604
ipm_global 40 24 96052896 48026448 48026448 498 498
ipm_global 40 32 671431556 637164188 34267368 36074 2975
ipm_global 40 33 9462992 4731496 4731496 498 498
ipm_global 40 34 9297856 4648928 4648928 498 498
ipm_global 40 35 9334032 4667016 4667016 498 498
ipm_global 40 36 239945424 119972712 119972712 996 996
ipm_global 40 37 10247280 5123640 5123640 498 498
ipm_global 40 38 9426816 4713408 4713408 498 498
ipm_global 40 39 251766032 4731496 247034536 498 30486
ipm_global 40 40 9297856 4648928 4648928 498 498
ipm_global 41 5 5103616 4579328 524288 163 64
ipm_global 41 9 227328 113664 113664 604 604
ipm_global 41 13 89571328 42622976 46948352 946 1078
ipm_global 41 25 98374176 49187088 49187088 498 498
ipm_global 41 32 7399632 3699816 3699816 498 498
ipm_global 41 33 674859812 638292588 36567224 36074 3019
ipm_global 41 34 9426816 4713408 4713408 498 498
ipm_global 41 35 9462992 4731496 4731496 498 498
ipm_global 41 36 9591952 4795976 4795976 498 498
ipm_global 41 37 245875632 122937816 122937816 996 996
ipm_global 41 38 9555776 4777888 4777888 498 498
ipm_global 41 39 9591952 4795976 4795976 498 498
ipm_global 41 40 3815210964 3235610516 579600448 36096 31734
ipm_global 41 41 9555776 4777888 4777888 498 498
ipm_global 42 5 4055040 4055040 0 99 0
ipm_global 42 6 1048576 524288 524288 64 64
ipm_global 42 10 227328 113664 113664 604 604
ipm_global 42 21 90652672 43704320 46948352 979 1078
ipm_global 42 26 94784832 47392416 47392416 498 498
ipm_global 42 32 7300880 3650440 3650440 498 498
ipm_global 42 33 9428720 4714360 4714360 498 498
ipm_global 42 34 675702900 638128404 37574496 36074 3063
ipm_global 42 35 9299760 4649880 4649880 498 498
ipm_global 42 36 9428720 4714360 4714360 498 498
ipm_global 42 37 10178736 5089368 5089368 498 498
ipm_global 42 38 235929888 117964944 117964944 996 996
ipm_global 42 39 9428720 4714360 4714360 498 498
ipm_global 42 40 9490912 4745456 4745456 1102 1102
ipm_global 42 41 3808004920 3231520744 576484176 35968 31606
ipm_global 42 42 9229312 4614656 4614656 498 498
ipm_global 43 5 4055040 4055040 0 99 0
ipm_global 43 7 1048576 524288 524288 64 64
ipm_global 43 11 227328 113664 113664 604 604
ipm_global 43 27 96052896 48026448 48026448 498 498
ipm_global 43 29 91734016 44785664 46948352 1012 1078
ipm_global 43 32 8022496 4011248 4011248 498 498
ipm_global 43 33 10150336 5075168 5075168 498 498
ipm_global 43 34 9949024 4974512 4974512 498 498
ipm_global 43 35 677632148 638507300 39124848 36074 3107
ipm_global 43 36 10150336 5075168 5075168 498 498
ipm_global 43 37 10934624 5467312 5467312 498 498
ipm_global 43 38 10077984 5038992 5038992 498 498
ipm_global 43 39 240632768 120316384 120316384 996 996
ipm_global 43 40 572981216 286490608 286490608 996 996
ipm_global 43 41 22247200 11123600 11123600 1102 1102
ipm_global 43 42 3808442984 3231601176 576841808 36096 31734
ipm_global 43 43 10600192 5300096 5300096 498 498
ipm_global 44 4 1048576 524288 524288 64 64
ipm_global 44 5 4055040 4055040 0 99 0
ipm_global 44 12 227328 113664 113664 604 604
ipm_global 44 28 97391408 48695704 48695704 498 498
ipm_global 44 32 239879616 119939808 119939808 996 996
ipm_global 44 33 9499168 4749584 4749584 498 498
ipm_global 44 34 9334032 4667016 4667016 498 498
ipm_global 44 35 9370208 4685104 4685104 498 498
ipm_global 44 36 682333108 640272052 42061056 36074 3151
ipm_global 44 37 103134992 51026824 52108168 1543 1576
ipm_global 44 38 9462992 4731496 4731496 498 498
ipm_global 44 39 9499168 4749584 4749584 498 498
ipm_global 44 40 240043792 120021896 120021896 1124 1124
ipm_global 44 41 9462992 4731496 4731496 498 498
ipm_global 44 42 9299760 4649880 4649880 498 498
ipm_global 44 43 3251568544 2953300576 298267968 35470 31108
ipm_global 44 44 9370208 4685104 4685104 498 498
ipm_global 45 5 5103616 4579328 524288 163 64
ipm_global 45 13 227328 113664 113664 604 604
ipm_global 45 29 99712688 49856344 49856344 498 498
ipm_global 45 32 7435808 3717904 3717904 498 498
ipm_global 45 33 247153376 123576688 123576688 996 996
ipm_global 45 34 9462992 4731496 4731496 498 498
ipm_global 45 35 9499168 4749584 4749584 498 498
ipm_global 45 36 9628128 4814064 4814064 498 498
ipm_global 45 37 684363876 640746764 43617112 36074 3184
ipm_global 45 38 9591952 4795976 4795976 498 498
ipm_global 45 39 9628128 4814064 4814064 498 498
ipm_global 45 40 9462992 4731496 4731496 498 498
ipm_global 45 41 245318672 122659336 122659336 1124 1124
ipm_global 45 42 9428720 4714360 4714360 498 498
ipm_global 45 43 10150336 5075168 5075168 498 498
ipm_global 45 44 3818996448 3237333968 581662480 36096 31734
ipm_global 45 45 9628128 4814064 4814064 498 498
ipm_global 46 5 5046272 5046272 0 121 0
ipm_global 46 6 1048576 524288 524288 64 64
ipm_global 46 14 227328 113664 113664 604 604
ipm_global 46 30 96052896 48026448 48026448 498 498
ipm_global 46 32 7335152 3667576 3667576 498 498
ipm_global 46 33 9462992 4731496 4731496 498 498
ipm_global 46 34 237754432 118877216 118877216 996 996
ipm_global 46 35 9334032 4667016 4667016 498 498
ipm_global 46 36 9462992 4731496 4731496 498 498
ipm_global 46 37 10247280 5123640 5123640 498 498
ipm_global 46 38 683218964 640129252 43089712 36074 3195
ipm_global 46 39 9462992 4731496 4731496 498 498
ipm_global 46 40 9297856 4648928 4648928 498 498
ipm_global 46 41 9426816 4713408 4713408 498 498
ipm_global 46 42 236028256 118014128 118014128 1124 1124
ipm_global 46 43 9949024 4974512 4974512 498 498
ipm_global 46 44 9561360 4780680 4780680 1102 1102
ipm_global 46 45 3813286556 3233893492 579393064 35968 31617
ipm_global 46 46 9297856 4648928 4648928 498 498
ipm_global 47 5 5046272 5046272 0 121 0
ipm_global 47 7 1048576 524288 524288 64 64
ipm_global 47 15 227328 113664 113664 604 604
ipm_global 47 31 97391408 48695704 48695704 498 498
ipm_global 47 32 7371328 3685664 3685664 498 498
ipm_global 47 33 9499168 4749584 4749584 498 498
ipm_global 47 34 9334032 4667016 4667016 498 498
ipm_global 47 35 241878496 120939248 120939248 996 996
ipm_global 47 36 9499168 4749584 4749584 498 498
ipm_global 47 37 10319632 5159816 5159816 498 498
ipm_global 47 38 9462992 4731496 4731496 498 498
ipm_global 47 39 684405684 640272052 44133632 36074 3206
ipm_global 47 40 3008486420 55621256 2952865164 1120 35470
ipm_global 47 41 9462992 4731496 4731496 498 498
ipm_global 47 42 9299760 4649880 4649880 498 498
ipm_global 47 43 240731136 120365568 120365568 1124 1124
ipm_global 47 44 576454112 288227056 288227056 996 996
ipm_global 47 45 21881632 10940816 10940816 1102 1102
ipm_global 47 46 3814453596 3234110228 580343368 36118 31756
ipm_global 47 47 9370208 4685104 4685104 498 498
ipm_global 48 0 99127328 49563664 49563664 562 562
ipm_global 48 6 93626368 45596672 48029696 1012 1111
ipm_global 48 16 1602016 801008 801008 604 604
ipm_global 48 32 97618736 48809368 48809368 626 626
ipm_global 48 40 663869076 633382948 30486128 34972 1873
ipm_global 48 47 242303040 0 242303040 0 29988
ipm_global 48 48 9370208 4685104 4685104 498 498
ipm_global 49 1 101448608 50724304 50724304 562 562
ipm_global 49 6 4055040 4055040 0 99 0
ipm_global 49 14 90652672 42622976 48029696 946 1111
ipm_global 49 17 1602016 801008 801008 604 604
ipm_global 49 33 99940016 49970008 49970008 626 626
ipm_global 49 41 665040532 633382948 31657584 34972 1917
ipm_global 49 48 3822781916 3238713732 584068184 36096 31734
ipm_global 49 49 11002816 5501408 5501408 498 498
ipm_global 50 2 97752640 48876320 48876320 562 562
ipm_global 50 6 4055040 4055040 0 99 0
ipm_global 50 18 1529664 764832 764832 604 604
ipm_global 50 22 91734016 43704320 48029696 979 1111
ipm_global 50 34 96280224 48140112 48140112 626 626
ipm_global 50 42 666211988 633382948 32829040 34972 1961
ipm_global 50 48 9561360 4780680 4780680 1102 1102
ipm_global 50 49 3816416260 3235590964 580825296 35968 31606
ipm_global 50 50 9297856 4648928 4648928 498 498
ipm_global 51 3 99127328 49563664 49563664 562 562
ipm_global 51 6 4055040 4055040 0 99 0
ipm_global 51 19 1602016 801008 801008 604 604
ipm_global 51 30 92815360 44785664 48029696 1012 1111
ipm_global 51 35 97618736 48809368 48809368 626 626
ipm_global 51 43 667383444 633382948 34000496 34972 2005
ipm_global 51 48 580578176 290289088 290289088 996 996
ipm_global 51 49 22786032 11393016 11393016 1102 1102
ipm_global 51 50 3816545240 3235996344 580548896 36096 31734
ipm_global 51 51 9370208 4685104 4685104 498 498
ipm_global 52 0 1048576 524288 524288 64 64
ipm_global 52 4 100400032 50200016 50200016 498 498
ipm_global 52 6 4055040 4055040 0 99 0
ipm_global 52 20 1602016 801008 801008 604 604
ipm_global 52 36 99940016 49970008 49970008 626 626
ipm_global 52 38 93896704 45867008 48029696 1045 1111
ipm_global 52 44 668554900 633382948 35171952 34972 2049
ipm_global 52 48 243609472 121804736 121804736 1124 1124
ipm_global 52 49 10315472 5157736 5157736 498 498
ipm_global 52 50 9462992 4731496 4731496 498 498
ipm_global 52 51 3251098176 2953091312 298006864 35470 31108
ipm_global 52 52 9628128 4814064 4814064 498 498
ipm_global 53 1 1048576 524288 524288 64 64
ipm_global 53 5 102796192 51398096 51398096 498 498
ipm_global 53 6 4055040 4055040 0 99 0
ipm_global 53 21 1602016 801008 801008 604 604
ipm_global 53 37 102336176 51168088 51168088 626 626
ipm_global 53 45 669726356 633382948 36343408 34972 2093
ipm_global 53 46 94978048 46948352 48029696 1078 1111
ipm_global 53 48 7633408 3816704 3816704 498 498
ipm_global 53 49 247512496 123756248 123756248 1124 1124
ipm_global 53 50 7597232 3798616 3798616 498 498
ipm_global 53 51 7633408 3816704 3816704 498 498
ipm_global 53 52 3825749152 3240416800 585332352 36096 31734
ipm_global 53 53 5634528 2817264 2817264 498 498
ipm_global 54 2 1048576 524288 524288 64 64
ipm_global 54 6 103080384 53567712 49512672 597 498
ipm_global 54 22 1529664 764832 764832 604 604
ipm_global 54 38 98601504 49300752 49300752 626 626
ipm_global 54 46 670807700 633382948 37424752 34972 2126
ipm_global 54 48 9462992 4731496 4731496 498 498
ipm_global 54 49 10243120 5121560 5121560 498 498
ipm_global 54 50 239413056 119706528 119706528 1124 1124
ipm_global 54 51 9462992 4731496 4731496 498 498
ipm_global 54 52 9819280 4909640 4909640 1102 1102
ipm_global 54 53 3820246512 3237237840 583008672 35968 31617
ipm_global 54 54 9555776 4777888 4777888 498 498
ipm_global 55 3 1048576 524288 524288 64 64
ipm_global 55 6 5046272 5046272 0 121 0
ipm_global 55 7 100400032 50200016 50200016 498 498
ipm_global 55 23 1602016 801008 801008 604 604
ipm_global 55 39 99940016 49970008 49970008 626 626
ipm_global 55 47 670897812 633382948 37514864 34972 2137
ipm_global 55 48 3009139280 56047496 2953091784 1120 35470
ipm_global 55 49 11002816 5501408 5501408 498 498
ipm_global 55 50 10114160 5057080 5057080 498 498
ipm_global 55 51 244296816 122148408 122148408 1124 1124
ipm_global 55 52 586540400 293270200 293270200 996 996
ipm_global 55 53 20984752 10492376 10492376 1102 1102
ipm_global 55 54 3824641808 3239057312 585584496 36140 31789
ipm_global 55 55 11002816 5501408 5501408 498 498
ipm_global 56 0 663778964 30396016 633382948 1862 34972
ipm_global 56 4 1048576 524288 524288 64 64
ipm_global 56 7 94437376 45596672 48840704 1012 1111
ipm_global 56 8 96704064 48352032 48352032 498 498
ipm_global 56 24 1529664 764832 764832 604 604
ipm_global 56 40 96280224 48140112 48140112 626 626
ipm_global 56 48 673430436 638163628 35266808 36074 2975
ipm_global 56 49 10114160 5057080 5057080 498 498
ipm_global 56 50 9297856 4648928 4648928 498 498
ipm_global 56 51 9334032 4667016 4667016 498 498
ipm_global 56 52 241283936 120641968 120641968 996 996
ipm_global 56 53 7597232 3798616 3798616 498 498
ipm_global 56 54 9426816 4713408 4713408 498 498
ipm_global 56 55 252417200 5057080 247360120 498 30486
ipm_global 56 56 9297856 4648928 4648928 498 498
ipm_global 57 1 663869076 30486128 633382948 1873 34972
ipm_global 57 5 1048576 524288 524288 64 64
ipm_global 57 7 4055040 4055040 0 99 0
ipm_global 57 9 99025344 49512672 49512672 498 498
ipm_global 57 15 91463680 42622976 48840704 946 1111
ipm_global 57 25 1529664 764832 764832 604 604
ipm_global 57 41 98601504 49300752 49300752 626 626
ipm_global 57 48 9462992 4731496 4731496 498 498
ipm_global 57 49 675510980 638618172 36892808 36074 3019
ipm_global 57 50 9426816 4713408 4713408 498 498
ipm_global 57 51 9462992 4731496 4731496 498 498
ipm_global 57 52 9591952 4795976 4795976 498 498
ipm_global 57 53 244499616 122249808 122249808 996 996
ipm_global 57 54 9555776 4777888 4777888 498 498
ipm_global 57 55 10243120 5121560 5121560 498 498
ipm_global 57 56 3819450776 3237824472 581626304 36096 31734
ipm_global 57 57 9555776 4777888 4777888 498 498
ipm_global 58 2 665040532 31657584 633382948 1917 34972
ipm_global 58 6 1048576 524288 524288 64 64
ipm_global 58 7 4055040 4055040 0 99 0
ipm_global 58 10 95401728 47700864 47700864 498 498
ipm_global 58 23 92545024 43704320 48840704 979 1111
ipm_global 58 26 1461120 730560 730560 604 604
ipm_global 58 42 95012160 47506080 47506080 626 626
ipm_global 58 48 9299760 4649880 4649880 498 498
ipm_global 58 49 10045616 5022808 5022808 498 498
ipm_global 58 50 675702900 638128404 37574496 36074 3063
ipm_global 58 51 9299760 4649880 4649880 498 498
ipm_global 58 52 9428720 4714360 4714360 498 498
ipm_global 58 53 7562960 3781480 3781480 498 498
ipm_global 58 54 237197952 118598976 118598976 996 996
ipm_global 58 55 10045616 5022808 5022808 498 498
ipm_global 58 56 9490912 4745456 4745456 1102 1102
ipm_global 58 57 3813237008 3234780288 578456720 35968 31606
ipm_global 58 58 9229312 4614656 4614656 498 498
ipm_global 59 3 666211988 32829040 633382948 1961 34972
ipm_global 59 7 5103616 4579328 524288 163 64
ipm_global 59 11 96704064 48352032 48352032 498 498
ipm_global 59 27 1529664 764832 764832 604 604
ipm_global 59 31 93626368 44785664 48840704 1012 1111
ipm_global 59 43 96280224 48140112 48140112 626 626
ipm_global 59 48 9334032 4667016 4667016 498 498
ipm_global 59 49 10114160 5057080 5057080 498 498
ipm_global 59 50 9297856 4648928 4648928 498 498
ipm_global 59 51 676944804 638163628 38781176 36074 3107
ipm_global 59 52 9462992 4731496 4731496 498 498
ipm_global 59 53 7597232 3798616 3798616 498 498
ipm_global 59 54 9426816 4713408 4713408 498 498
ipm_global 59 55 241935104 120967552 120967552 996 996
ipm_global 59 56 576381760 288190880 288190880 996 996
ipm_global 59 57 21809280 10904640 10904640 1102 1102
ipm_global 59 58 3813788136 3235282232 578505904 36096 31734
ipm_global 59 59 9297856 4648928 4648928 498 498
ipm_global 60 4 668432020 34524784 633907236 2069 35036
ipm_global 60 7 4055040 4055040 0 99 0
ipm_global 60 12 98078752 49039376 49039376 498 498
ipm_global 60 28 1602016 801008 801008 604 604
ipm_global 60 39 94707712 45867008 48840704 1045 1111
ipm_global 60 44 97618736 48809368 48809368 626 626
ipm_global 60 48 243253184 121626592 121626592 996 996
ipm_global 60 49 10186512 5093256 5093256 498 498
ipm_global 60 50 9334032 4667016 4667016 498 498
ipm_global 60 51 9370208 4685104 4685104 498 498
ipm_global 60 52 682405460 640308228 42097232 36074 3151
ipm_global 60 53 7633408 3816704 3816704 498 498
ipm_global 60 54 9462992 4731496 4731496 498 498
ipm_global 60 55 10186512 5093256 5093256 498 498
ipm_global 60 56 241382304 120691152 120691152 1124 1124
ipm_global 60 57 9462992 4731496 4731496 498 498
ipm_global 60 58 9299760 4649880 4649880 498 498
ipm_global 60 59 3252848660 2954924364 297924296 35470 31108
ipm_global 60 60 9370208 4685104 4685104 498 498
ipm_global 61 5 669603476 35696240 633907236 2113 35036
ipm_global 61 7 4055040 4055040 0 99 0
ipm_global 61 13 100400032 50200016 50200016 498 498
ipm_global 61 29 1602016 801008 801008 604 604
ipm_global 61 45 99940016 49970008 49970008 626 626
ipm_global 61 47 95789056 46948352 48840704 1078 1111
ipm_global 61 48 10186512 5093256 5093256 498 498
ipm_global 61 49 249902752 124951376 124951376 996 996
ipm_global 61 50 10114160 5057080 5057080 498 498
ipm_global 61 51 10186512 5093256 5093256 498 498
ipm_global 61 52 10315472 5157736 5157736 498 498
ipm_global 61 53 682462980 639751260 42711720 36074 3195
ipm_global 61 54 10243120 5121560 5121560 498 498
ipm_global 61 55 11002816 5501408 5501408 498 498
ipm_global 61 56 10114160 5057080 5057080 498 498
ipm_global 61 57 247308352 123654176 123654176 1124 1124
ipm_global 61 58 10045616 5022808 5022808 498 498
ipm_global 61 59 10114160 5057080 5057080 498 498
ipm_global 61 60 3824807096 3240738912 584068184 36096 31734
ipm_global 61 61 11002816 5501408 5501408 498 498
ipm_global 62 6 670774932 36867696 633907236 2157 35036
ipm_global 62 7 4055040 4055040 0 99 0
ipm_global 62 14 96704064 48352032 48352032 498 498
ipm_global 62 30 1529664 764832 764832 604 604
ipm_global 62 46 96280224 48140112 48140112 626 626
ipm_global 62 48 9334032 4667016 4667016 498 498
ipm_global 62 49 10114160 5057080 5057080 498 498
ipm_global 62 50 239056768 119528384 119528384 996 996
ipm_global 62 51 9334032 4667016 4667016 498 498
ipm_global 62 52 9462992 4731496 4731496 498 498
ipm_global 62 53 7597232 3798616 3798616 498 498
ipm_global 62 54 684458964 640163524 44295440 36074 3239
ipm_global 62 55 106984560 53086776 53897784 1609 1609
ipm_global 62 56 9297856 4648928 4648928 498 498
ipm_global 62 57 9426816 4713408 4713408 498 498
ipm_global 62 58 237296320 118648160 118648160 1124 1124
ipm_global 62 59 9297856 4648928 4648928 498 498
ipm_global 62 60 9561360 4780680 4780680 1102 1102
ipm_global 62 61 3819294380 3237567964 581726416 35968 31617
ipm_global 62 62 9297856 4648928 4648928 498 498
ipm_global 63 0 242303040 242303040 0 29988 0
ipm_global 63 7 675731092 41823856 633907236 2267 35036
ipm_global 63 15 98078752 49039376 49039376 498 498
ipm_global 63 31 1602016 801008 801008 604 604
ipm_global 63 47 97618736 48809368 48809368 626 626
ipm_global 63 48 9370208 4685104 4685104 498 498
ipm_global 63 49 10186512 5093256 5093256 498 498
ipm_global 63 50 9334032 4667016 4667016 498 498
ipm_global 63 51 243253184 121626592 121626592 996 996
ipm_global 63 52 9499168 4749584 4749584 498 498
ipm_global 63 53 7633408 3816704 3816704 498 498
ipm_global 63 54 9462992 4731496 4731496 498 498
ipm_global 63 55 686517060 640651900 45865160 36074 3272
ipm_global 63 56 3010226840 55621256 2954605584 1120 35470
ipm_global 63 57 9462992 4731496 4731496 498 498
ipm_global 63 58 9299760 4649880 4649880 498 498
ipm_global 63 59 241382304 120691152 120691152 1124 1124
ipm_global 63 60 580578176 290289088 290289088 996 996
ipm_global 63 61 22786032 11393016 11393016 1102 1102
ipm_global 63 62 3820090708 3237739572 582351136 36107 31756
ipm_global 63 63 9370208 4685104 4685104 498 498
