# irank : nadj nsend nrecv : orank(s)
0 : 24 23 24 : 0 1 2 3 4 5 6 7 8 9 10 11 12 13 14 15 16 20 32 36 48 52 56 63 
1 : 23 23 23 : 0 1 2 3 4 5 6 7 8 9 10 11 12 13 14 15 17 21 33 37 49 53 57 
2 : 29 24 29 : 0 1 2 3 4 5 6 7 8 9 10 11 12 13 14 15 16 17 18 19 20 21 22 23 34 38 50 54 58 
3 : 31 24 31 : 0 1 2 3 4 5 6 7 8 9 10 11 12 13 14 15 19 23 24 25 26 27 28 29 30 31 35 39 51 55 59 
4 : 32 26 32 : 0 1 2 3 4 5 6 7 8 9 10 11 12 13 14 15 20 24 28 32 33 34 35 36 37 38 39 40 44 52 56 60 
5 : 31 26 31 : 0 1 2 3 4 5 6 7 8 9 10 11 12 13 14 15 21 25 29 37 40 41 42 43 44 45 46 47 53 57 61 
6 : 32 26 32 : 0 1 2 3 4 5 6 7 8 9 10 11 12 13 14 15 22 26 30 38 42 46 48 49 50 51 52 53 54 55 58 62 
7 : 31 26 31 : 0 1 2 3 4 5 6 7 8 9 10 11 12 13 14 15 23 27 31 39 43 47 55 56 57 58 59 60 61 62 63 
8 : 20 20 20 : 0 1 2 3 4 5 6 7 8 9 10 11 12 13 14 15 16 24 40 56 
9 : 20 20 20 : 0 1 2 3 4 5 6 7 8 9 10 11 12 13 14 15 17 25 41 57 
10 : 21 21 21 : 0 1 2 3 4 5 6 7 8 9 10 11 12 13 14 15 17 18 26 42 58 
11 : 21 21 21 : 0 1 2 3 4 5 6 7 8 9 10 11 12 13 14 15 19 25 27 43 59 
12 : 21 21 21 : 0 1 2 3 4 5 6 7 8 9 10 11 12 13 14 15 20 28 33 44 60 
13 : 21 21 21 : 0 1 2 3 4 5 6 7 8 9 10 11 12 13 14 15 21 29 41 45 61 
14 : 21 21 21 : 0 1 2 3 4 5 6 7 8 9 10 11 12 13 14 15 22 30 46 49 62 
15 : 22 22 21 : 0 1 2 3 4 5 6 7 8 9 10 11 12 13 14 15 16 23 31 47 57 63 
16 : 22 21 22 : 0 2 8 15 16 17 18 19 20 21 22 23 24 25 26 27 28 29 30 31 32 48 
17 : 22 22 21 : 1 2 9 10 16 17 18 19 20 21 22 23 24 25 26 27 28 29 30 31 33 49 
18 : 20 20 20 : 2 10 16 17 18 19 20 21 22 23 24 25 26 27 28 29 30 31 34 50 
19 : 21 21 20 : 2 3 11 16 17 18 19 20 21 22 23 24 25 26 27 28 29 30 31 35 51 
20 : 23 23 22 : 0 2 4 12 16 17 18 19 20 21 22 23 24 25 26 27 28 29 30 31 34 36 52 
21 : 23 23 22 : 1 2 5 13 16 17 18 19 20 21 22 23 24 25 26 27 28 29 30 31 37 42 53 
22 : 22 22 22 : 2 6 14 16 17 18 19 20 21 22 23 24 25 26 27 28 29 30 31 38 50 54 
23 : 23 23 22 : 2 3 7 15 16 17 18 19 20 21 22 23 24 25 26 27 28 29 30 31 39 55 58 
24 : 22 22 22 : 3 4 8 16 17 18 19 20 21 22 23 24 25 26 27 28 29 30 31 32 40 56 
25 : 23 23 22 : 3 5 9 11 16 17 18 19 20 21 22 23 24 25 26 27 28 29 30 31 33 41 57 
26 : 22 22 21 : 3 6 10 16 17 18 19 20 21 22 23 24 25 26 27 28 29 30 31 34 42 58 
27 : 22 22 21 : 3 7 11 16 17 18 19 20 21 22 23 24 25 26 27 28 29 30 31 35 43 59 
28 : 23 23 22 : 3 4 12 16 17 18 19 20 21 22 23 24 25 26 27 28 29 30 31 35 36 44 60 
29 : 23 23 22 : 3 5 13 16 17 18 19 20 21 22 23 24 25 26 27 28 29 30 31 37 43 45 61 
30 : 23 23 22 : 3 6 14 16 17 18 19 20 21 22 23 24 25 26 27 28 29 30 31 38 46 51 62 
31 : 24 24 22 : 3 7 15 16 17 18 19 20 21 22 23 24 25 26 27 28 29 30 31 32 39 47 59 63 
32 : 22 21 22 : 0 4 16 24 31 32 33 34 35 36 37 38 39 40 41 42 43 44 45 46 47 48 
33 : 22 22 21 : 1 4 12 17 25 32 33 34 35 36 37 38 39 40 41 42 43 44 45 46 47 49 
34 : 22 22 21 : 2 4 18 20 26 32 33 34 35 36 37 38 39 40 41 42 43 44 45 46 47 50 
35 : 22 22 21 : 3 4 19 27 28 32 33 34 35 36 37 38 39 40 41 42 43 44 45 46 47 51 
36 : 21 21 21 : 0 4 20 28 32 33 34 35 36 37 38 39 40 41 42 43 44 45 46 47 52 
37 : 22 22 21 : 1 4 5 21 29 32 33 34 35 36 37 38 39 40 41 42 43 44 45 46 47 53 
38 : 23 23 22 : 2 4 6 22 30 32 33 34 35 36 37 38 39 40 41 42 43 44 45 46 47 52 54 
39 : 23 23 22 : 3 4 7 23 31 32 33 34 35 36 37 38 39 40 41 42 43 44 45 46 47 55 60 
40 : 22 22 22 : 4 5 8 24 32 33 34 35 36 37 38 39 40 41 42 43 44 45 46 47 48 56 
41 : 22 22 22 : 5 9 13 25 32 33 34 35 36 37 38 39 40 41 42 43 44 45 46 47 49 57 
42 : 23 23 22 : 5 6 10 21 26 32 33 34 35 36 37 38 39 40 41 42 43 44 45 46 47 50 58 
43 : 23 23 22 : 5 7 11 27 29 32 33 34 35 36 37 38 39 40 41 42 43 44 45 46 47 51 59 
44 : 22 22 21 : 4 5 12 28 32 33 34 35 36 37 38 39 40 41 42 43 44 45 46 47 52 60 
45 : 21 21 21 : 5 13 29 32 33 34 35 36 37 38 39 40 41 42 43 44 45 46 47 53 61 
46 : 23 23 22 : 5 6 14 30 32 33 34 35 36 37 38 39 40 41 42 43 44 45 46 47 53 54 62 
47 : 24 24 22 : 5 7 15 31 32 33 34 35 36 37 38 39 40 41 42 43 44 45 46 47 48 55 61 63 
48 : 22 21 22 : 0 6 16 32 40 47 48 49 50 51 52 53 54 55 56 57 58 59 60 61 62 63 
49 : 22 22 21 : 1 6 14 17 33 41 48 49 50 51 52 53 54 55 56 57 58 59 60 61 62 63 
50 : 22 22 21 : 2 6 18 22 34 42 48 49 50 51 52 53 54 55 56 57 58 59 60 61 62 63 
51 : 22 22 21 : 3 6 19 30 35 43 48 49 50 51 52 53 54 55 56 57 58 59 60 61 62 63 
52 : 23 23 22 : 0 4 6 20 36 38 44 48 49 50 51 52 53 54 55 56 57 58 59 60 61 62 63 
53 : 23 23 22 : 1 5 6 21 37 45 46 48 49 50 51 52 53 54 55 56 57 58 59 60 61 62 63 
54 : 21 21 21 : 2 6 22 38 46 48 49 50 51 52 53 54 55 56 57 58 59 60 61 62 63 
55 : 22 22 21 : 3 6 7 23 39 47 48 49 50 51 52 53 54 55 56 57 58 59 60 61 62 63 
56 : 22 22 22 : 0 4 7 8 24 40 48 49 50 51 52 53 54 55 56 57 58 59 60 61 62 63 
57 : 23 23 22 : 1 5 7 9 15 25 41 48 49 50 51 52 53 54 55 56 57 58 59 60 61 62 63 
58 : 23 23 22 : 2 6 7 10 23 26 42 48 49 50 51 52 53 54 55 56 57 58 59 60 61 62 63 
59 : 22 22 22 : 3 7 11 27 31 43 48 49 50 51 52 53 54 55 56 57 58 59 60 61 62 63 
60 : 22 22 21 : 4 7 12 28 39 44 48 49 50 51 52 53 54 55 56 57 58 59 60 61 62 63 
61 : 22 22 21 : 5 7 13 29 45 47 48 49 50 51 52 53 54 55 56 57 58 59 60 61 62 63 
62 : 21 21 20 : 6 7 14 30 46 48 49 50 51 52 53 54 55 56 57 58 59 60 61 62 63 
63 : 21 21 20 : 0 7 15 31 47 48 49 50 51 52 53 54 55 56 57 58 59 60 61 62 63 
