	Cluster 1	Cluster 2	Cluster 3	Cluster 4	Cluster 5	Cluster 6	Cluster 7	Cluster 8	Cluster 9	Cluster 10	
THREAD 1.1.1	7156551290.00	5948636179.00	3341878480.00	2475565385.00	1681588423.00	1567801439.00	1035747205.00	811819757.00	0.00	465929209.00	
THREAD 1.2.1	7153892593.00	5941300149.00	3192060973.00	2359783142.00	1608167605.00	1500046910.00	999306419.00	763318501.00	0.00	463643185.00	
THREAD 1.3.1	7065705861.00	5860826426.00	3373528472.00	2407681409.00	1605091665.00	1605400905.00	1035479333.00	829604949.00	0.00	460103863.00	
THREAD 1.4.1	7079936373.00	5865832224.00	3211354856.00	2303482814.00	1595541872.00	1573592567.00	1011710124.00	785736075.00	0.00	460751287.00	
THREAD 1.5.1	7108580433.00	5885822880.00	3378695453.00	2422829576.00	1613030088.00	1604444382.00	998330310.00	845965099.00	0.00	461283357.00	
THREAD 1.6.1	7180355667.00	5958370752.00	3239908885.00	2322289355.00	1624812948.00	1558719704.00	1017568664.00	805201774.00	0.00	462125096.00	
THREAD 1.7.1	7093875412.00	5864162123.00	3343662914.00	2422254869.00	1613967968.00	1611595798.00	1028045700.00	840328878.00	0.00	455604165.00	
THREAD 1.8.1	7084450368.00	5857069373.00	3183361117.00	2328590792.00	1614422403.00	1567094659.00	1028202434.00	794002704.00	0.00	460604713.00	
THREAD 1.9.1	7124929596.00	5903786799.00	3376348330.00	2435096381.00	1607798464.00	1613441592.00	1031540564.00	845462010.00	0.00	460594551.00	
THREAD 1.10.1	7089149360.00	5859264287.00	3190988532.00	2340416576.00	1604187725.00	1575854975.00	1022587450.00	804338554.00	0.00	459213248.00	
THREAD 1.11.1	7127220578.00	5939811000.00	3315918234.00	2359929101.00	1616219098.00	1571179694.00	1007285068.00	824708225.00	0.00	463802391.00	
THREAD 1.12.1	7102850808.00	5876934283.00	3158445027.00	2279227475.00	1594666637.00	1529022368.00	1001367199.00	786449411.00	0.00	462788770.00	
THREAD 1.13.1	7118822277.00	5890756904.00	3297908152.00	2348158687.00	1591882744.00	1580075028.00	1004396180.00	826673803.00	0.00	461920228.00	
THREAD 1.14.1	7059192229.00	5855437904.00	3156407514.00	2269231510.00	1612338502.00	1523830006.00	993367415.00	790772058.00	0.00	462916514.00	
THREAD 1.15.1	7097683973.00	5884043849.00	3197008321.00	2320746502.00	1611469876.00	1555101060.00	1021594037.00	797484198.00	0.00	456457194.00	
THREAD 1.16.1	7089830511.00	5861486227.00	3020248746.00	2216769091.00	1613753016.00	1517464489.00	1024969219.00	752212007.00	0.00	462469398.00	

Total	113733027329.00	94253541359.00	51977724006.00	37612052665.00	25808939034.00	25054665576.00	16261497321.00	12904078003.00	0.00	7380207169.00	
Average	7108314208.06	5890846334.94	3248607750.38	2350753291.56	1613058689.62	1565916598.50	1016343582.56	806504875.19	0.00	461262948.06	
Maximum	7180355667.00	5958370752.00	3378695453.00	2475565385.00	1681588423.00	1613441592.00	1035747205.00	845965099.00	0.00	465929209.00	
Minimum	7059192229.00	5855437904.00	3020248746.00	2216769091.00	1591882744.00	1500046910.00	993367415.00	752212007.00	0.00	455604165.00	
Stdev	32597624.30	35149578.71	99127574.64	66459194.48	19586307.21	33323291.27	13708707.47	26991633.39	0.00	2541968.08	
Avg/Max	0.99	0.99	0.96	0.95	0.96	0.97	0.98	0.95	-nan	0.99	

