	Outside MPI	MPI_Allreduce	MPI_Win_create	MPI_Win_free	MPI_Get	MPI_Win_fence	
THREAD 1.1.1	11380910.83	2286064.92	203952.90	72.36	922.99	221161.35	
THREAD 1.2.1	11588736.99	2095837.60	186356.31	74.42	893.25	221186.79	
THREAD 1.3.1	12229407.54	1501046.79	140485.00	795.19	849.99	220500.85	
THREAD 1.4.1	12355244.19	1389225.56	126452.43	1083.06	827.96	220252.16	
THREAD 1.5.1	12238917.57	1500302.16	131718.63	1109.25	858.01	220179.73	
THREAD 1.6.1	11730789.55	1957568.89	182576.23	2644.91	877.40	218628.36	
THREAD 1.7.1	12691031.85	1096923.16	82976.98	1811.49	801.00	219540.88	
THREAD 1.8.1	12927933.13	881955.63	61030.24	1140.86	776.83	220248.68	
THREAD 1.9.1	12912310.63	880174.86	78438.69	1197.48	795.94	220167.77	
THREAD 1.10.1	12718158.59	1048844.68	103904.74	2887.23	798.46	218491.67	
THREAD 1.11.1	12457209.51	1285612.98	128118.58	1564.42	790.84	219789.03	
THREAD 1.12.1	11791602.36	1911051.40	168280.33	1214.98	885.88	220050.40	
THREAD 1.13.1	12050413.56	1662162.48	158336.03	1291.80	833.70	220047.80	
THREAD 1.14.1	12620477.37	1141344.26	109102.76	13480.94	793.70	207886.31	
THREAD 1.15.1	13087928.91	717410.40	65609.02	1502.02	776.99	219858.01	
THREAD 1.16.1	12961994.59	833499.39	75435.37	1236.09	784.35	220135.56	
THREAD 1.17.1	13259441.81	552108.16	59384.09	1226.33	756.15	220168.82	
THREAD 1.18.1	12955548.04	832115.58	83277.43	15105.32	776.54	206262.45	
THREAD 1.19.1	13029207.50	778227.47	63527.68	1827.23	774.40	219521.07	
THREAD 1.20.1	12813929.41	971904.14	85108.82	1205.79	806.04	220131.17	
THREAD 1.21.1	12511160.16	1246740.22	113028.42	1281.86	836.61	220038.10	
THREAD 1.22.1	11734498.66	1965244.81	171193.64	9037.44	891.18	212219.63	
THREAD 1.23.1	12892117.62	902443.30	76389.62	1492.07	769.70	219873.04	
THREAD 1.24.1	13168407.79	647138.69	55393.76	1099.00	774.79	220271.34	
THREAD 1.25.1	13152490.66	654434.11	64007.95	1112.41	766.40	220273.83	
THREAD 1.26.1	13573470.59	279386.27	18063.58	2067.73	723.91	219373.27	
THREAD 1.27.1	13009895.86	779201.38	81848.60	2175.61	743.44	219220.46	
THREAD 1.28.1	13126033.61	684317.70	60562.18	1131.16	729.66	220311.05	
THREAD 1.29.1	13375311.91	449022.25	46598.33	1280.64	720.14	220152.08	
THREAD 1.30.1	12870806.54	903040.13	97076.65	2228.21	776.55	219157.27	
THREAD 1.31.1	13246757.29	565310.66	58867.96	1534.01	758.02	219857.41	
THREAD 1.32.1	12412915.32	1344446.07	113571.16	1181.76	831.87	220139.18	
THREAD 1.33.1	11988906.74	1709818.47	172212.05	1418.51	855.48	219874.11	
THREAD 1.34.1	13021509.75	764227.19	85192.66	1403.25	762.32	219990.17	
THREAD 1.35.1	13138685.57	682234.02	50049.62	2180.03	781.89	219154.23	
THREAD 1.36.1	13505055.66	342294.18	23585.33	1572.20	739.86	219838.12	
THREAD 1.37.1	13322333.07	501484.13	47126.98	1161.92	758.79	220220.48	
THREAD 1.38.1	13135272.13	673523.92	62132.56	2164.16	754.02	219238.57	
THREAD 1.39.1	13635864.40	224801.32	10288.97	2581.67	745.72	218803.28	
THREAD 1.40.1	13183132.30	645713.39	42090.27	1349.65	747.41	220052.34	
THREAD 1.41.1	13093157.87	711282.20	66483.67	1352.68	757.48	220051.46	
THREAD 1.42.1	13187768.20	620469.90	62675.61	1080.33	758.47	220332.85	
THREAD 1.43.1	13107866.21	694250.58	68836.18	2001.59	761.02	219369.78	
THREAD 1.44.1	12752233.74	1024902.35	93794.42	1258.97	811.51	220084.37	
THREAD 1.45.1	11781357.73	1909627.63	179957.99	2032.67	878.00	219231.34	
THREAD 1.46.1	12496001.59	1245315.63	129650.08	1326.98	790.39	220000.69	
THREAD 1.47.1	13184775.31	628341.43	57837.60	7429.87	749.21	213951.95	
THREAD 1.48.1	13349634.47	482940.07	38392.75	1804.02	747.66	219566.39	
THREAD 1.49.1	13394639.59	429064.51	47224.46	1415.08	760.41	219981.30	
THREAD 1.50.1	13532457.65	320753.75	17729.12	5739.88	742.57	215662.39	
THREAD 1.51.1	13001658.13	797830.84	71465.93	4906.28	756.78	216467.41	
THREAD 1.52.1	13496266.40	365652.37	9019.35	1493.21	737.98	219916.05	
THREAD 1.53.1	13556485.63	290870.01	23584.09	1376.02	742.87	220026.73	
THREAD 1.54.1	12841114.28	922693.03	107121.19	1376.49	746.33	220034.04	
THREAD 1.55.1	13260684.14	546130.36	64126.29	6491.40	740.51	214912.66	
THREAD 1.56.1	13095165.63	701151.52	74617.86	1605.93	774.70	219769.71	
THREAD 1.57.1	13005475.37	769083.69	96369.07	1473.14	790.86	219893.22	
THREAD 1.58.1	11988039.16	1716689.69	166174.04	1322.07	842.13	220018.26	
THREAD 1.59.1	12725680.59	1032469.60	112783.65	5615.79	769.53	215766.20	
THREAD 1.60.1	13259150.97	551710.19	60047.37	1522.79	746.56	219907.48	
THREAD 1.61.1	13516236.55	324114.44	30577.06	1436.06	763.15	219958.09	
THREAD 1.62.1	13585702.90	262152.35	23054.45	2688.85	721.32	218765.48	
THREAD 1.63.1	13403517.12	428460.28	38964.17	2986.50	757.17	218400.11	
THREAD 1.64.1	13484017.40	370814.02	16098.91	1481.53	745.71	219927.78	
THREAD 1.65.1	13340964.67	480844.53	49100.35	1736.32	726.72	219712.76	
THREAD 1.66.1	13356258.87	468474.24	46180.21	7957.08	722.25	213492.71	
THREAD 1.67.1	13507120.40	335169.42	28635.26	1540.65	719.88	219899.74	
THREAD 1.68.1	12831785.26	931761.67	107373.56	2388.41	748.11	219028.35	
THREAD 1.69.1	13405889.16	412490.81	52565.89	1957.24	769.11	219413.15	
THREAD 1.70.1	12887670.23	887440.98	95823.57	1303.03	821.32	220026.23	
THREAD 1.71.1	12037199.87	1672912.29	160843.36	4405.53	860.70	216863.60	
THREAD 1.72.1	12467279.04	1274181.78	129447.79	1885.90	769.47	219521.37	
THREAD 1.73.1	13064397.47	723159.95	83353.24	1663.37	759.75	219751.57	
THREAD 1.74.1	13477497.33	353456.23	39946.19	2456.87	727.48	219001.25	
THREAD 1.75.1	13346313.94	474494.81	50133.52	7377.41	761.06	214004.62	
THREAD 1.76.1	13564046.69	290251.49	16612.58	1725.06	722.35	219727.19	
THREAD 1.77.1	13079825.03	707719.22	83360.61	2103.71	751.53	219325.27	
THREAD 1.78.1	13391008.35	445630.36	34274.67	3087.27	727.31	218357.39	
THREAD 1.79.1	13483480.73	355148.45	32296.31	6871.90	747.49	214540.49	
THREAD 1.80.1	13098708.64	714120.74	58114.91	4171.56	760.69	217208.82	
THREAD 1.81.1	13470584.71	353641.57	46683.88	1851.47	726.24	219597.49	
THREAD 1.82.1	12981966.12	793127.57	95848.80	5402.01	808.74	215932.11	
THREAD 1.83.1	12955058.24	820852.88	95051.25	5187.12	809.52	216126.34	
THREAD 1.84.1	11689672.76	1990196.95	191070.60	2219.58	836.54	219088.93	
THREAD 1.85.1	13170063.64	634540.77	66325.62	2518.71	775.46	218861.15	
THREAD 1.86.1	13328434.33	488993.89	53511.99	5114.99	770.14	216260.03	
THREAD 1.87.1	13608771.26	244528.02	17646.35	4484.22	750.49	216905.00	
THREAD 1.88.1	13366844.07	467820.40	36252.92	2870.18	764.18	218533.60	
THREAD 1.89.1	13591105.06	251614.22	28219.75	1981.78	752.32	219412.22	
THREAD 1.90.1	13332247.39	485923.80	52758.01	4114.50	762.68	217278.97	
THREAD 1.91.1	13172982.29	638986.36	58963.25	3495.51	737.83	217920.11	
THREAD 1.92.1	13557973.04	295939.17	17017.94	1907.69	747.91	219499.60	
THREAD 1.93.1	13060972.06	724112.37	85844.38	3440.56	773.47	217942.51	
THREAD 1.94.1	13124820.88	664038.02	82045.59	2160.58	773.51	219246.78	
THREAD 1.95.1	12158019.66	1552535.50	160374.41	4078.05	849.83	217227.91	
THREAD 1.96.1	12429137.94	1310206.18	131586.49	2510.50	797.97	218846.27	
THREAD 1.97.1	13123390.09	669289.42	78238.79	3596.24	748.74	217822.08	
THREAD 1.98.1	13119525.12	668036.37	83367.75	3590.28	772.43	217793.41	
THREAD 1.99.1	13853177.11	17485.68	291.10	3624.09	762.17	217745.21	
THREAD 1.100.1	13328818.02	499954.41	42158.42	3540.38	789.84	217824.29	
THREAD 1.101.1	13412312.05	408652.01	50015.71	6733.18	850.16	214522.25	
THREAD 1.102.1	13103425.80	674407.38	93121.01	3499.43	793.32	217838.41	
THREAD 1.103.1	13420266.87	394566.01	56148.74	4459.35	794.20	216850.19	
THREAD 1.104.1	12913727.85	868829.56	88398.76	5724.73	822.24	215582.22	
THREAD 1.105.1	12170789.41	1545409.29	154696.38	2534.10	848.83	218807.35	
THREAD 1.106.1	12266569.67	1442303.10	162049.57	2379.77	811.22	218972.02	
THREAD 1.107.1	13034358.44	752503.15	84076.57	2645.41	774.03	218727.76	
THREAD 1.108.1	13262863.77	552513.30	55546.28	2258.61	789.84	219113.55	
THREAD 1.109.1	13320986.87	487557.89	62380.57	3152.97	784.27	218222.78	
THREAD 1.110.1	13351624.82	456012.09	63258.57	2597.58	778.12	218814.18	
THREAD 1.111.1	13244925.66	558010.14	67968.43	2714.43	761.83	218704.87	
THREAD 1.112.1	12836280.76	935442.09	99198.88	2755.42	834.03	218574.17	
THREAD 1.113.1	11590157.18	2062416.27	218347.04	5370.70	877.69	215916.46	
THREAD 1.114.1	13034307.56	743609.24	93013.64	5283.67	780.22	216091.03	
THREAD 1.115.1	12918016.42	859971.05	92960.04	5036.99	870.01	216230.85	
THREAD 1.116.1	13108522.77	686067.08	76329.87	5387.30	838.07	215940.26	
THREAD 1.117.1	12451906.02	1282367.55	136647.29	178.51	849.68	221136.31	
THREAD 1.118.1	11776671.59	1909127.82	185139.15	782.61	905.01	220459.17	
THREAD 1.119.1	12629065.51	1126565.52	115310.07	351.88	804.91	220987.48	
THREAD 1.120.1	11617571.89	2041717.98	211661.06	70.14	941.87	221122.42	

Total	1552132266.64	102322102.15	10057524.81	337379.04	94355.30	26226614.78	
Average	12934435.56	852684.18	83812.71	2811.49	786.29	218555.12	
Maximum	13853177.11	2286064.92	218347.04	15105.32	941.87	221186.79	
Minimum	11380910.83	17485.68	291.10	70.14	719.88	206262.45	
Stdev	551296.37	503214.35	49279.85	2336.84	48.03	2337.76	
Avg/Max	0.93	0.37	0.38	0.19	0.83	0.99	

